#individual_index individual_rank segment_count deviation edge connectivity
0 0 1 1085359.64597 0.00000 0.00000
1 0 1 1085359.64597 0.00000 0.00000
2 0 47 319039.30431 237241.02885 3099.08333
3 0 12 415029.66047 154850.35037 1477.58333
4 0 13 397909.08061 163873.71973 1581.83333
5 0 10 385431.02266 169557.22302 1558.66667
6 0 6 524193.27357 122185.08467 1073.66667
7 0 27 338911.80066 210853.72407 2327.00000
8 0 4 1028553.84855 13976.26783 214.91667
9 0 13 381326.58167 175758.55274 1654.33333
10 0 27 334589.41053 209532.68892 2378.08333
11 0 12 381501.35374 171149.18813 1623.16667
12 0 4 1045852.59152 12492.74041 175.75000
13 0 42 320100.04871 232797.24073 2970.58333
14 0 13 377080.95673 178215.62729 1701.50000
15 0 2 931850.81416 49966.43734 426.83333
16 0 3 487632.97717 127823.63632 1010.50000
17 0 20 346944.06832 201472.53640 2034.50000
18 0 44 319496.93309 235469.53187 3036.25000
19 0 14 395722.90378 164972.68419 1665.00000
20 0 39 321453.33315 230922.94095 2843.08333
21 0 18 368826.62043 182422.85168 1817.50000
22 0 3 999217.69027 17606.05896 262.00000
23 0 3 948796.27311 46770.27556 408.00000
24 0 6 570250.97882 116165.09906 1089.33333
25 0 7 467797.36676 131909.24627 1148.75000
26 0 8 789958.81304 77766.85772 939.33333
27 0 41 322603.90544 225701.69078 2916.75000
28 0 4 1076119.59100 4116.61707 80.16667
29 0 21 407363.57609 161138.25577 1791.41667
30 0 8 962857.98850 22175.00677 483.75000
31 0 30 333524.36048 218145.05667 2491.75000
32 0 11 442061.07610 143570.73044 1345.50000
33 0 4 609869.86436 106408.41614 855.66667
34 0 2 864734.06889 82516.98163 636.50000
35 0 5 1071258.57194 7546.85054 148.66667
36 0 8 914319.16591 34454.11001 642.50000
37 0 40 320485.19544 231983.38870 2886.08333
38 0 27 337902.98085 213531.14770 2308.08333
39 0 22 349033.75661 195904.85203 2086.41667
40 0 12 889176.31512 41962.98987 803.50000
41 0 7 850784.06680 51566.85750 689.16667
42 0 21 365882.24121 184448.21702 1920.16667
43 0 4 718874.17752 94757.67589 773.33333
44 0 5 978961.12969 26572.49029 339.91667
45 0 7 811857.80412 69887.88682 818.33333
46 0 14 357083.82152 186474.30843 1767.83333
47 0 28 337456.62508 207337.83490 2420.41667
48 0 7 839278.13032 51797.70164 706.00000
49 0 14 780640.31250 81347.90613 1130.83333
50 0 3 616460.31729 110443.99913 805.16667
51 0 11 411911.69386 157765.96018 1451.66667
52 0 25 345180.50248 202320.87334 2263.16667
53 0 5 882367.50466 64759.91246 604.00000
54 0 9 386836.53153 167854.98644 1459.50000
55 0 30 329837.09540 216786.39621 2522.41667
56 0 6 727477.78700 91214.20901 964.83333
57 0 9 835120.43152 57468.50501 788.33333
58 0 30 337246.65515 207704.14821 2439.25000
59 0 42 319882.07982 234655.67984 2951.75000
60 0 4 534760.08871 118213.84339 927.50000
61 0 2 637074.95411 101422.08687 726.00000
62 0 8 784229.63433 77707.69881 942.83333
63 0 25 338999.41121 205233.72348 2282.25000
64 0 5 574260.85659 114265.63351 1036.66667
65 0 10 420878.96712 149944.06994 1327.16667
66 0 14 359746.43563 185296.21443 1739.33333
67 0 14 374453.32328 178682.38887 1720.00000
68 0 35 325880.81775 226999.56949 2684.91667
69 0 4 929607.15117 50606.33106 455.50000
70 0 6 904045.72368 37316.74760 569.50000
71 0 2 1011470.35879 14079.74988 164.16667
72 0 3 1082992.41336 1330.35112 45.91667
73 0 7 903845.02713 37479.13114 579.16667
74 0 7 1064467.89028 11125.82952 200.25000
75 0 32 328313.87246 220150.53621 2617.25000
76 0 8 805934.63134 74266.20154 881.00000
77 0 7 810214.50750 73087.23585 858.16667
78 0 5 875402.25269 66368.63281 654.16667
79 0 4 628618.32679 105616.14415 779.66667
80 0 36 326440.38401 222498.53348 2775.58333
81 0 3 558594.30261 116743.65003 843.33333
82 0 3 762588.00818 81678.60883 653.83333
83 0 18 368251.14077 183165.48008 1946.50000
84 0 23 341669.19447 204355.13594 2196.33333
85 0 3 992154.94833 18693.38364 305.50000
86 0 3 1065595.93798 9356.17441 118.66667
87 0 3 752665.15310 83668.59275 713.33333
88 0 4 746446.71842 83933.53310 732.33333
89 0 14 833559.42162 60531.33055 952.33333
90 0 3 659559.96946 100123.53293 762.16667
91 0 23 347976.89880 198631.41860 2113.25000
92 0 8 891446.33671 55102.79306 670.33333
93 0 4 596891.48204 105124.14327 883.66667
94 0 4 509567.18675 134446.00251 991.83333
95 0 24 343480.13653 209292.41412 2171.50000
96 0 30 334578.95108 209184.13488 2550.75000
97 0 14 372034.16034 180472.12698 1746.33333
98 0 2 1060126.18110 15605.71804 120.00000
99 0 5 990180.63383 20023.73476 351.41667
100 0 5 454425.41963 133710.85230 1098.00000
101 0 20 350850.26399 190564.09623 1995.83333
102 0 9 450857.09612 136922.18675 1218.75000
103 0 4 732034.44709 88654.70238 814.33333
104 0 6 574595.01816 114320.82346 1001.91667
105 0 5 869924.33466 74306.63044 671.16667
106 0 10 418067.44265 151449.24456 1345.75000
107 0 34 328966.93562 214882.82145 2598.08333
108 0 4 1008032.94081 15726.08665 230.16667
109 0 17 354283.36462 188571.71758 1904.00000
110 0 11 415932.86601 152713.42810 1381.08333
111 0 4 737618.11863 85704.44903 738.16667
112 0 3 636524.75305 103234.29897 755.66667
113 0 4 671911.53906 100402.33947 745.66667
114 0 3 656650.41978 100441.82722 767.00000
115 0 28 330422.35864 221129.02533 2476.08333
116 0 6 940749.36960 30099.68951 523.91667
117 0 23 347138.55816 197045.67768 2134.83333
118 0 33 326717.10395 220650.69763 2647.25000
119 0 10 892551.10288 40316.65311 737.50000
120 0 4 647158.71880 99196.44250 780.33333
121 0 2 588824.00685 120576.50985 823.50000
122 0 10 782024.67323 78524.05355 977.83333
123 0 6 871769.82194 68185.30031 649.50000
124 0 3 1082068.13931 1646.33677 66.00000
125 0 4 970875.51008 27904.95444 389.33333
126 0 13 356602.56987 193120.71943 1787.83333
127 0 16 354703.61972 197287.90608 1871.41667
128 0 25 347018.82596 200366.18422 2241.00000
129 0 20 351191.17684 194974.19728 1981.16667
130 0 4 539562.84367 120499.08221 914.33333
131 0 4 928907.78343 53142.80035 481.00000
132 0 2 1030586.19514 12645.91671 169.00000
133 0 6 687952.55196 97890.07543 803.66667
134 0 31 329184.80210 221217.49887 2576.25000
135 0 12 383501.11178 173187.32819 1580.33333
136 0 3 955985.15346 45981.94358 376.00000
137 0 3 617700.77630 105087.78308 794.66667
138 0 12 413737.88813 159945.56301 1431.75000
139 0 37 323207.76048 223792.81944 2814.58333
140 0 9 416345.51305 156428.92218 1368.00000
141 0 5 898455.09077 63066.20601 550.66667
142 0 25 341459.22454 204721.44926 2215.16667
143 0 9 394225.61510 167904.09578 1459.00000
144 0 3 918159.13939 61348.68866 485.00000
145 0 2 1048147.06127 11162.38928 129.83333
146 0 7 916106.12508 33169.28144 600.16667
147 0 37 324058.67683 229378.01524 2766.75000
148 0 4 530084.24545 128778.38136 983.00000
149 0 5 857192.98195 69200.56136 674.16667
150 0 4 594233.39629 109089.59302 874.83333
151 0 4 471602.94658 130045.15609 1029.33333
152 0 17 371125.52913 181488.67992 1791.50000
153 0 9 444971.56182 141784.33806 1253.83333
154 0 3 632580.08798 104509.81327 738.83333
155 0 21 351383.81346 199875.55701 1965.08333
156 0 6 448754.60849 139817.05972 1180.50000
157 0 4 1074069.07828 5162.47268 111.50000
158 0 5 980170.54435 31015.81904 330.08333
159 0 2 956287.22438 45742.97062 365.00000
160 0 4 480342.36256 128342.59034 1027.66667
161 0 6 448754.60849 139817.05972 1180.50000
162 0 6 898145.62702 63305.17897 561.66667
163 0 2 672918.36829 97891.66990 688.66667
164 0 15 352690.34163 192172.86894 1908.33333
165 0 6 940249.51283 30693.25181 543.41667
166 0 5 727503.33689 90975.23605 953.83333
167 0 19 349466.24262 196360.20330 2004.83333
168 0 5 516757.15471 129723.22928 972.66667
169 0 4 551824.23640 120156.07707 869.83333
170 0 6 497845.97852 126980.17815 1154.33333
171 0 7 515380.12959 124112.19941 1129.00000
172 0 5 885883.31123 66294.61173 577.16667
173 0 13 833763.19003 59894.40432 929.83333
174 0 34 328259.11215 215960.90623 2669.75000
175 0 2 1085168.24439 238.97296 11.00000
176 0 5 582668.41648 109890.97271 906.33333
177 0 4 645852.61203 99753.01852 792.08333
178 0 5 695808.46485 96559.47662 859.33333
179 0 45 319223.30812 236344.85353 3060.41667
180 0 8 511049.97565 125730.01814 1214.66667
181 0 13 384741.95964 172857.10969 1564.41667
182 0 5 922651.81830 48354.39912 537.00000
183 0 6 821020.07724 69402.84110 790.50000
184 0 5 707155.68109 94985.69892 851.25000
185 0 5 480129.77708 128979.51657 1050.16667
186 0 9 433912.45050 147189.61762 1238.58333
187 0 5 699806.71639 96419.53209 846.41667
188 0 3 985978.64598 24810.11206 391.66667
189 0 6 497845.97852 126980.17815 1154.33333
190 0 4 924189.52866 30982.04089 510.50000
191 0 4 551824.23640 120156.07707 869.83333
192 0 10 432967.55528 147635.20899 1283.75000
193 0 9 426382.15529 148044.60440 1274.50000
194 0 2 768602.55932 81436.72971 639.83333
195 0 17 354591.35337 197924.83230 1893.91667
196 0 5 732008.89720 88893.67535 825.33333
197 0 5 537622.19300 125385.86794 898.91667
198 0 46 319142.38382 236604.10263 3076.58333
199 0 3 921323.52032 52198.30037 500.33333
