0 0.001 1.0644235904319328 0.8886262460043615 134830.8 1422.2
0 0.005 1.1054805479019163 0.8926086517892765 131681.8 1303.0
0 0.01 1.0897501001400764 0.9185302779410562 133628.6 1310.0
0 0.05 1.1198332638419082 0.8141334268925874 127724.2 1276.0
0 0.1 1.0256845710872315 0.8504734483429658 124139.4 1259.2
0 0.5 1.045717138054072 0.8008095966442662 118922.2 1183.0

0.2 0.001 0.7956906284261274 0.618575925880752 85301.4 728.0
0.2 0.005 0.7520853744619185 0.6386985227382824 83453.6 758.8
0.2 0.01 0.6836387020272221 0.759894498710591 72893.4 772.0
0.2 0.05 1.0386424507837073 0.7369194990138617 88734.8 965.4
0.2 0.1 1.0922516325268923 0.7883603923991115 103098.4 1034.4
0.2 0.5 1.0448804235398328 0.8086005781962935 111687.2 1133.6

0.4 0.001 0.7835707518673987 0.7424388575752875 72278.0 690.6
0.4 0.005 0.751074815905195 0.7336870954661162 65875.8 642.2
0.4 0.01 0.7410577372706856 0.706759957221333 72821.2 702.8
0.4 0.05 0.8246419304562972 0.7410190159759896 75904.2 772.6
0.4 0.1 1.0529490482073995 0.6761913085628016 91498.2 828.8
0.4 0.5 1.0428688557548424 0.757370485222806 107921.2 1110.8

0.6 0.001 0.6905114965791272 0.7248724907802225 66765.6 625.2
0.6 0.005 0.7917300076693332 0.6829768090518786 69776.0 631.4
0.6 0.01 0.6590881222348022 0.7421605986848114 62658.8 623.0
0.6 0.05 0.7351895554760997 0.743131878927217 66686.8 665.4
0.6 0.1 0.9309201772598277 0.6731466654260893 79587.2 705.8
0.6 0.5 1.038568368451956 0.7344403105795125 100565.4 998.2

0.8 0.001 0.7370835858455902 0.7119241434445011 63060.2 620.6
0.8 0.005 0.6811632559582593 0.7476865028839466 62342.8 633.4
0.8 0.01 0.7535865723477169 0.7832743986961133 60664.4 628.2
0.8 0.05 0.7435719261626245 0.7473108644656572 63661.4 640.6
0.8 0.1 0.747489278400542 0.7239652332191069 65109.0 643.0
0.8 0.5 1.058399646587038 0.680026106936727 84864.8 806.2

1.0 0.001 0.7926098187349204 0.7505826948206167 59928.0 563.6
1.0 0.005 0.863249041822869 0.7157331042881958 65133.6 580.4
1.0 0.01 0.7740491126626439 0.7309236608047355 58561.6 559.0
1.0 0.05 0.7608734190589426 0.7560381786857289 56732.2 591.6
1.0 0.1 0.6796372703393451 0.6832084276524435 63274.0 574.8
1.0 0.5 0.8335668805934698 0.6904733718204198 61357.4 619.2

