0 0.001 1.1691446935715877 0.8718746614209412 117496.2 1255.6
0 0.005 1.1673199217943797 0.7951448177448643 123047.8 1237.6
0 0.01 1.1596916759695248 0.8343342649315021 120159.4 1257.8
0 0.05 1.2037408949995114 0.8312143440574433 114947.6 1141.8
0 0.1 1.1758321246891854 0.8094211602504728 115662.6 1176.6
0 0.5 1.0569963274559024 0.8006516608852892 112206.8 1102.8

0.2 0.001 0.6484741240565461 0.7908683544458801 50384.6 538.0
0.2 0.005 0.6544377958752918 0.7862330246778253 54322.6 596.6
0.2 0.01 0.8913648447543183 0.7797115781194185 61242.6 663.8
0.2 0.05 1.2194816628204728 0.6697985063880758 92611.6 881.6
0.2 0.1 1.190222300075828 0.7668684695163307 101990.8 1007.4
0.2 0.5 1.0438672690647997 0.7489895705598357 107673.8 1018.0

0.4 0.001 0.6469515243188125 0.7574226321188291 47832.4 449.2
0.4 0.005 0.6462398915116585 0.7564085936816087 49538.8 461.4
0.4 0.01 0.6761295840956065 0.8206027684699114 49529.8 541.6
0.4 0.05 1.1653997757442558 0.7315589914245944 69707.8 747.4
0.4 0.1 1.2026314725162206 0.7019301835544656 92270.8 889.2
0.4 0.5 1.0130205049851386 0.7316089851932539 104020.4 1012.2

0.6 0.001 0.6811923690411277 0.8316942219480872 41500.0 429.4
0.6 0.005 0.6219580378017768 0.7867595996182241 45406.8 444.6
0.6 0.01 0.6480352903881192 0.8357849309794319 45266.8 474.0
0.6 0.05 0.7032053245016472 0.7905205971504368 55524.0 546.2
0.6 0.1 1.2638222637611407 0.6675204987917972 72030.4 723.8
0.6 0.5 1.030507886937676 0.7826932299816614 91646.6 950.6

0.8 0.001 0.6880543534579043 0.8026361732918449 42852.6 396.2
0.8 0.005 0.6779817187095437 0.8266535476900053 40124.0 415.0
0.8 0.01 0.6820135860699995 0.8013681678544277 42651.4 413.2
0.8 0.05 0.6591356301189257 0.8109301562172458 45367.6 469.0
0.8 0.1 0.7963932040527131 0.7829310258931121 50524.2 512.0
0.8 0.5 1.0634372833938381 0.7026091851476065 77138.8 803.2

1.0 0.001 0.6869095636818064 0.8310956625305383 40629.8 398.4
1.0 0.005 0.7161012163241016 0.8313833182588197 39300.8 399.2
1.0 0.01 0.788517219874677 0.7674291189266113 42235.8 391.0
1.0 0.05 0.8493156478100108 0.7472007412226802 40545.2 392.4
1.0 0.1 0.6845431620617586 0.8049077461685288 40573.8 407.6
1.0 0.5 0.8889196292626751 0.7219065465798238 41929.2 421.8

