0 0.001 1.1934541108318224 0.8393695239215555 119854.4 1126.2
0 0.005 1.1553299079752721 0.7835628149867497 119458.0 1177.6
0 0.01 1.2087467124076263 0.8305921647551834 118100.8 1222.2
0 0.05 1.2186185592877379 0.791838006587223 116292.6 1125.8
0 0.1 1.1937248804757883 0.7624235392254206 113550.2 1102.0
0 0.5 1.0444305046622933 0.7992737669116915 110450.2 1077.8

0.2 0.001 0.6325565820830605 0.8231577658044946 46563.0 490.0
0.2 0.005 0.6259117023979857 0.7698389144828828 52544.6 548.4
0.2 0.01 0.8162159002232761 0.7684136530727781 58495.2 606.4
0.2 0.05 1.2373518262001966 0.7559164137054355 89281.4 915.0
0.2 0.1 1.195237670930172 0.7592163153205898 96854.2 979.0
0.2 0.5 1.043906885736027 0.767298385284543 105600.2 1051.0

0.4 0.001 0.6597137271360178 0.7792689141742449 41862.6 412.2
0.4 0.005 0.6326770987356005 0.7927642917013713 43000.0 450.6
0.4 0.01 0.6299983082040914 0.8715792924197663 45635.8 517.2
0.4 0.05 1.1404877648304288 0.7171835184565334 69812.0 724.2
0.4 0.1 1.2146694270721885 0.7480990598427761 88613.6 881.0
0.4 0.5 1.0507805393045886 0.7574399845181805 98675.6 992.0

0.6 0.001 0.6442309967679682 0.8586651874716169 38173.4 380.0
0.6 0.005 0.6650888625772666 0.7757538918800657 40454.2 394.2
0.6 0.01 0.634793790528253 0.8841862621028266 41220.0 457.8
0.6 0.05 1.1777565888399761 0.8214578538795376 50769.8 553.0
0.6 0.1 1.2707966867349683 0.7116677700790904 70255.6 719.4
0.6 0.5 1.0290536770994934 0.7158247981209225 95827.8 915.8

0.8 0.001 0.6587426815601347 0.7928926549660177 38611.4 343.8
0.8 0.005 0.647764104204186 0.8183112420868683 37778.0 368.4
0.8 0.01 0.6617115582742784 0.7781318311323395 38502.4 370.6
0.8 0.05 0.6301566940020863 0.8291568183442687 43837.4 460.2
0.8 0.1 1.3657232287602978 0.8070355958671624 48026.2 505.6
0.8 0.5 1.0590730707186333 0.7197498299324765 80506.8 840.8

1.0 0.001 0.8509180028270663 0.78103812326817 37228.4 352.8
1.0 0.005 0.7637792987667359 0.8057878842628782 37084.0 332.6
1.0 0.01 0.7148737265902687 0.8907631749519404 37133.0 352.6
1.0 0.05 0.7815554757708325 0.924377579433353 36476.0 363.6
1.0 0.1 0.8351756398841873 0.7880166891558451 37342.4 351.0
1.0 0.5 1.1027774701367168 0.7636000814424204 38612.4 355.6

