0 0.001 1.2141224425883221 0.9042994637930155 128632.8 1301.0
0 0.005 1.1357781100388427 0.8463789620655664 128489.2 1227.8
0 0.01 1.1344409849988737 0.8500541761105186 127998.8 1287.4
0 0.05 1.1475204655588618 0.875175150939991 126429.0 1221.0
0 0.1 1.1626785601087728 0.823897930475318 119830.2 1189.0
0 0.5 1.0633718714396356 0.8493390533970778 117550.8 1192.6

0.2 0.001 0.6878437321841983 0.7233432562757468 69525.0 665.2
0.2 0.005 0.7050321669780344 0.7533686018867158 68840.2 707.0
0.2 0.01 0.766506457082788 0.7088039364219931 75000.0 711.4
0.2 0.05 1.1396442317952395 0.6429577209096475 98800.0 961.4
0.2 0.1 1.1717872761748651 0.8383057106647609 101677.0 1082.4
0.2 0.5 1.0425333207543386 0.7562364964993076 113070.0 1113.4

0.4 0.001 0.6873638124139826 0.681337739850669 62114.6 545.4
0.4 0.005 0.6546525927023067 0.7421194111688441 60819.0 603.6
0.4 0.01 0.6687702555405213 0.6696098330720477 69458.8 603.4
0.4 0.05 0.9557774311582469 0.716281270193587 75486.2 694.2
0.4 0.1 1.1404082658971446 0.7040102945363056 88050.6 867.0
0.4 0.5 1.0408260352440446 0.814686219909499 105090.8 1081.8

0.6 0.001 0.6580834457643887 0.7314563958408327 55425.0 548.2
0.6 0.005 0.6866324294349972 0.7108974978826424 59721.6 544.0
0.6 0.01 0.6703331494181898 0.7726130358871639 55314.4 564.0
0.6 0.05 0.7457135455628925 0.7221399419829837 60891.8 622.8
0.6 0.1 1.0411489911387686 0.7693077718184733 65785.8 716.6
0.6 0.5 0.9980111818314923 0.7384727915539496 99534.4 930.0

0.8 0.001 0.6780697819987447 0.7577026133951293 53350.0 543.2
0.8 0.005 0.696856792024289 0.7456088251389075 54320.6 510.8
0.8 0.01 0.6800794986945922 0.7380806877101006 54442.2 523.8
0.8 0.05 0.7106376382699406 0.7778244822389435 56033.6 546.8
0.8 0.1 0.7106711241976584 0.7188398573918923 60115.2 588.8
0.8 0.5 1.0711527370686715 0.6908577259305211 86404.0 841.4

1.0 0.001 0.6948574485708771 0.793151716881263 49136.0 512.8
1.0 0.005 0.6709853080138826 0.740893589150072 51070.2 497.0
1.0 0.01 0.6905315911880495 0.7648920717616086 53095.6 531.4
1.0 0.05 0.829151532345788 0.7548032619438378 52934.2 507.2
1.0 0.1 0.6848586379900861 0.8015357643572626 49831.0 517.0
1.0 0.5 0.9513237596309333 0.7033890666166127 57985.6 569.6

