1 20.053666666666665 3.4137891785456755
2 21.031333333333333 1.1412091053887632
3 20.836000000000002 0.8608584862411093
4 21.008 0.8460984970242335
5 20.820666666666668 1.007584349929187
6 21.088999999999988 0.985157686193772
7 20.901999999999997 0.7756476863456327
8 21.05733333333334 1.0413418693632215
9 21.215666666666667 0.9253312319860864
10 21.034 0.7792800095814941
11 20.84733333333333 0.7885849492744724
12 20.993333333333336 0.9537376764894817
13 20.876 0.947000879971432
14 21.089333333333336 0.761445700989608
15 21.050666666666668 1.0620889270154776
16 21.297333333333334 0.8257438397523102
17 20.887666666666664 0.9810799604970475
18 21.033666666666665 0.8908702985782438
19 21.101666666666663 1.033795864225084
20 20.84433333333333 0.8136038484558823
21 21.14466666666667 0.89033976036617
22 20.873666666666672 0.8170535818142868
23 20.862000000000005 0.8619296181630296
24 21.048333333333336 0.8750126983205567
25 21.09766666666667 0.8917611164930263
