1 13.749 19.579323507210354
2 16.229 13.21482988918132
3 15.341000000000003 13.46823926873888
4 16.949999999999996 10.08172901837775
5 17.695 8.29558828534782
6 18.624 4.5443749845275745
7 18.808 4.527862188715554
8 19.388 4.594572450185109
9 18.461000000000002 5.233101279356248
10 18.473999999999997 4.967045802083971
11 19.236 4.9755566522752
12 19.77 2.2954650944852113
13 18.957 4.392452731675094
14 19.749999999999996 2.0100000000000002
15 19.767999999999997 1.455903842978649
16 19.98 0.8597092531780729
17 20.479000000000003 0.7365928318956136
18 20.539 0.5367951192028478
19 20.745 1.0011518366361818
20 20.294000000000004 1.1013646081112287
21 20.288000000000004 0.7740904339933422
22 20.769000000000002 0.5310075329032539
23 20.002000000000002 0.9571081443598732
24 20.910999999999998 0.8869210787888625
25 20.374000000000002 0.673040860572373
