1 -1.1669999999999996 5.246526565262012
2 16.663 6.482967504674588
3 22.279333333333337 4.085071140411415
4 23.945 2.4546388057444766
5 24.720000000000002 1.3614795873117846
6 25.32066666666667 1.1928088232775984
7 25.220666666666663 1.212372146752895
8 25.47166666666667 1.0219591750924084
9 25.785333333333337 0.5927266561315504
10 25.56066666666667 0.9202279910737098
11 25.53666666666667 1.0739904820600392
12 25.763666666666662 0.6058574273063115
13 25.56666666666667 1.2215245483502257
14 25.772000000000006 0.8473897175050763
15 25.773333333333337 0.676709358259183
16 25.572666666666674 0.7392109907792825
17 25.822333333333333 0.6938188204103112
18 25.567666666666664 0.6463212995269626
19 25.729333333333333 0.8801323132852747
20 25.573333333333334 0.5393102590861364
21 25.61266666666667 0.6727651067712186
22 25.687333333333335 0.7542587236633215
23 25.468666666666664 0.5887089452541237
24 25.839333333333332 0.6960073435117061
25 25.60433333333334 0.6381832721788377
26 25.54466666666667 0.6796652770951958
27 25.55266666666667 0.7366045222656608
28 25.712333333333337 0.821067124066128
29 25.880000000000003 0.6963571880388205
30 25.813333333333336 0.803464719546263
