1 -52.12366666666666 12.387712321310806
2 -28.623666666666665 13.2655489855825
3 -2.112 9.825739463266874
4 -0.5996666666666666 6.522775218843247
5 0.21100000000000013 7.294813385778512
6 0.9683333333333339 8.794521053221462
7 6.158333333333333 9.024264359061197
8 6.224666666666667 9.24658413805997
9 11.951333333333332 9.028765413326946
10 17.942333333333337 5.3763709466103204
11 18.403666666666666 6.6972668471714805
12 19.79533333333334 2.69044449033158
13 20.06366666666667 1.8229746447922845
14 20.672 0.9246130722271524
15 20.524 0.757432505243867
16 20.64833333333333 0.7270033623642252
17 20.600999999999996 0.7331727854560164
18 20.32100000000001 1.0008641266425726
19 20.317666666666675 0.9006615469876694
20 20.74899999999999 0.7738921113436936
21 20.42466666666667 0.6714994829153301
22 20.542333333333332 0.9863355863441658
23 20.450666666666667 1.0559227665359283
24 20.372999999999998 0.7610525606027485
25 20.562333333333335 0.9230084265896794
26 20.418999999999997 1.1131706967037893
27 20.445666666666664 0.7046402549449533
28 20.372333333333334 0.9592069061932825
29 20.589333333333336 0.7343020873969756
30 20.548333333333336 1.0037598761102622
