1 4.367666666666667 3.50910119862939
2 16.726 3.0604058554381313
3 19.92133333333333 1.5261295998556466
4 20.94833333333333 1.1463306193628824
5 20.860666666666663 0.7943380192895767
6 20.490666666666666 1.0495552497235305
7 20.561999999999994 0.8026223686558123
8 20.718999999999998 1.1651962638685953
9 20.539 0.8565681525716446
10 20.668 0.9711518933719894
11 21.079000000000004 0.9600428809867467
12 20.740333333333332 0.7404794993035855
13 21.105333333333327 1.038112817675527
14 20.547666666666665 0.9793150100396139
15 20.565333333333335 1.2433603214229132
16 20.85866666666667 0.9743501538062292
17 20.825666666666663 1.1142043000375748
18 21.119333333333334 0.9620392692377767
19 20.64999999999999 0.8117922558553182
20 20.878 0.8408741483321586
21 20.59766666666667 0.8381156775105023
22 20.855666666666664 1.0311342729678268
23 20.942666666666664 0.7518684873182426
24 20.86466666666667 0.9873254557416997
25 20.79066666666667 1.066351828536071
26 20.827333333333335 0.801282028307692
27 20.561999999999998 0.9231374040015208
28 20.810333333333336 0.9416704424703063
29 20.989666666666665 0.7796301829856394
30 20.741333333333333 0.8382948301297238
