1 24.760333333333335 4.912542779005141
2 25.60766666666666 0.8385411273290191
3 25.823 0.7361030272092804
4 25.55466666666667 0.7299302858644943
5 25.74266666666666 0.7029221546910833
6 25.800666666666665 0.7576055848673651
7 25.524 0.6897613113727579
8 25.82133333333333 0.7194012942872862
9 25.636333333333344 0.6812756824924512
10 25.43566666666667 0.5400782865062764
11 25.563000000000006 0.6845979355310191
12 25.887333333333334 0.7440516708461108
13 25.944666666666667 0.765997098921109
14 25.570333333333334 0.8081108972302146
15 25.797666666666665 0.7837077828431265
16 25.65133333333333 0.8671052736291915
17 25.79466666666667 0.6662918946594569
18 25.776333333333334 0.6047229852493531
19 25.589333333333336 0.7147304076052422
20 25.740333333333336 0.9984971484964573
21 25.793333333333333 0.7143590755977618
22 25.848333333333333 0.8015571650786293
23 25.840999999999998 0.7299696340716283
24 25.899333333333335 0.8126497127025616
25 25.776000000000003 0.5488569941250633
