1 17.70833333333333 14.743750333239129
2 18.859333333333332 8.238111002462206
3 18.444999999999997 10.327110195984162
4 19.252333333333336 6.95453937287646
5 19.714333333333332 2.9620957483211483
6 19.841000000000005 2.338347493423507
7 19.364333333333335 3.675800759320644
8 19.679666666666666 2.6997586106086517
9 20.028 2.4038821379870794
10 19.584666666666667 1.9818236270891738
11 19.945666666666668 2.8640329180293227
12 19.820666666666668 2.244738935575558
13 19.428333333333335 3.14869929053605
14 19.85933333333333 1.390958742099212
15 19.949999999999996 1.6848837744287684
16 20.352000000000007 0.9350201423855352
17 19.621 2.0953350567391364
18 20.534666666666663 0.9389062194324247
19 19.95 1.019414864844861
20 20.430999999999997 0.8482151849619297
21 20.354666666666667 0.7087206000173047
22 20.19766666666667 0.8851579269009321
23 20.312 0.7688103363855961
24 20.077666666666673 0.837108847296588
25 20.331666666666667 0.8756752949708141
